7
25
60
100
166
248
316
438
483
587
721
913
1028
1192
1371
1587
1766
1955
2212
2401
2638
2921
3178
3523
3802
4087
4692
4994
8870
6824
6050
6281
7912
9985
10874
9685
9759
9225
9846
11835
13635
12851
13312
15067
13746
13261
13946
14315
14944
15814
18224
23795
25238
18645
19342
34425
22162
21366
22392
23812
25871
27453
28657
26969
29615
32757
30213
29463
29725
30747
31245
32281
33434
35009
35280
35999
36906
37874
39366
39897
50051
42915
42812
43819
44881
46910
62656
65646
55310
50841
52196
52661
52589
53075
54416
55548
56754
57872
59102
